ivy: [0.90116086]
lucene: [0.81726994]
poi: [0.83148936]
synapse: [0.88177161]
velocity: [0.95605272]
camel: [0.9072381]
jedit: [0.72478301]
log4j: [0.68825]
xalan: [0.716699]
xerces: [0.83095238]
