ivy: [0.89342785]
lucene: [0.86190564]
poi: [0.7936]
synapse: [0.8904]
velocity: [0.9093686]
camel: [0.9184]
jedit: [0.6744]
log4j: [0.67143206]
xalan: [0.6864]
xerces: [0.82645714]
