chromium-2class: [1.]
chromium-3class: [1.48113839]
chromium-5class: [2.80660199]
chromium-7class: [4.21146426]
chromium-9class: [5.60496342]
eclipse-2class: [1.]
eclipse-3class: [1.53749309]
eclipse-5class: [2.87057531]
eclipse-7class: [4.39236447]
eclipse-9class: [5.63864354]
firefox-2class: [1.]
firefox-3class: [1.4723541]
firefox-5class: [2.60868612]
firefox-7class: [4.04485821]
firefox-9class: [5.36830456]
